{
  "advancedEditorSelectedIdentifier" : "ProjectBrowser",
  "openSceneRelativePaths" : [
    "Immersive.usda",
    "Scene.usda"
  ],
  "recentIdentifiers" : {
    "AF09ED6F-1707-48FD-8720-65B998362C09" : [

    ],
    "D66134B1-3681-4A8E-AFE5-29F257229F3B" : [

    ]
  },
  "sceneCameraHistory" : {
    "AF09ED6F-1707-48FD-8720-65B998362C09" : [
      {
        "date" : 717648993.63823,
        "title" : "Untitled",
        "transform" : [
          0.94327575,
          -2.4963592e-07,
          -0.33201042,
          0,
          -0.05145135,
          0.98791915,
          -0.14617932,
          0,
          0.3279995,
          0.1549698,
          0.9318802,
          0,
          0.44485247,
          1.00494,
          0.27499834,
          1
        ]
      },
      {
        "date" : 717648990.366001,
        "title" : "Untitled",
        "transform" : [
          0.94327575,
          -2.4963592e-07,
          -0.33201042,
          0,
          -0.05145135,
          0.98791915,
          -0.14617932,
          0,
          0.3279995,
          0.1549698,
          0.9318802,
          0,
          -1.0936955,
          -0.2539066,
          -2.1656888,
          1
        ]
      },
      {
        "date" : 717648785.284804,
        "title" : "Untitled",
        "transform" : [
          0.94327575,
          -2.4963592e-07,
          -0.33201042,
          0,
          -0.05145135,
          0.98791915,
          -0.14617932,
          0,
          0.3279995,
          0.1549698,
          0.9318802,
          0,
          0.162842,
          0.7741981,
          -0.17237125,
          1
        ]
      },
      {
        "date" : 717648773.498396,
        "title" : "Untitled",
        "transform" : [
          0.99415696,
          -9.507469e-10,
          -0.10794438,
          0,
          -0.005708019,
          0.99860084,
          -0.052570295,
          0,
          0.10779335,
          0.052879278,
          0.992766,
          0,
          -1.1084266,
          1.2790575,
          -7.5787144,
          1
        ]
      },
      {
        "date" : 717648771.089599,
        "title" : "Untitled",
        "transform" : [
          0.99415696,
          -9.507469e-10,
          -0.10794438,
          0,
          -0.005708019,
          0.99860084,
          -0.052570295,
          0,
          0.10779335,
          0.052879278,
          0.992766,
          0,
          -0.23876701,
          1.3683903,
          0.42545652,
          1
        ]
      },
      {
        "date" : 717648768.793732,
        "title" : "Untitled",
        "transform" : [
          0.99415696,
          -9.507469e-10,
          -0.10794438,
          0,
          -0.005708019,
          0.99860084,
          -0.052570295,
          0,
          0.10779335,
          0.052879278,
          0.992766,
          0,
          -0.17533231,
          1.7006738,
          1.0144255,
          1
        ]
      },
      {
        "date" : 717648766.801032,
        "title" : "Untitled",
        "transform" : [
          0.99415696,
          -5.887485e-10,
          -0.10794436,
          0,
          -0.005708018,
          0.99860084,
          -0.05257029,
          0,
          0.10779334,
          0.052879274,
          0.992766,
          0,
          -0.43956786,
          0.025396502,
          -1.408817,
          1
        ]
      },
      {
        "date" : 717648764.149639,
        "title" : "Untitled",
        "transform" : [
          0.99415696,
          -5.887485e-10,
          -0.10794436,
          0,
          -0.005708018,
          0.99860084,
          -0.05257029,
          0,
          0.10779334,
          0.052879274,
          0.992766,
          0,
          -0.48463392,
          0.006457567,
          -1.84968,
          1
        ]
      },
      {
        "date" : 717648762.342564,
        "title" : "Untitled",
        "transform" : [
          0.99415696,
          2.165815e-10,
          -0.10794435,
          0,
          -0.0057080174,
          0.99860084,
          -0.052570287,
          0,
          0.107793316,
          0.052879266,
          0.992766,
          0,
          -1.2071248,
          1.9019848,
          -9.444539,
          1
        ]
      },
      {
        "date" : 717648731.871992,
        "title" : "Untitled",
        "transform" : [
          0.99415696,
          2.165815e-10,
          -0.10794435,
          0,
          -0.0057080174,
          0.99860084,
          -0.052570287,
          0,
          0.107793316,
          0.052879266,
          0.992766,
          0,
          -0.31305462,
          0.445001,
          -0.4246599,
          1
        ]
      }
    ],
    "D66134B1-3681-4A8E-AFE5-29F257229F3B" : [
      {
        "date" : 717648045.974163,
        "title" : "Untitled",
        "transform" : [
          1,
          0,
          0,
          0,
          0,
          0.8660253,
          -0.50000006,
          0,
          0,
          0.50000006,
          0.8660253,
          0,
          -0.00072846544,
          0.28080413,
          0.4866746,
          1
        ]
      },
      {
        "date" : 717647897.134519,
        "title" : "Untitled",
        "transform" : [
          1,
          0,
          0,
          0,
          0,
          0.8660253,
          -0.50000006,
          0,
          0,
          0.50000006,
          0.8660253,
          0,
          -0.00047378615,
          0.18263203,
          0.31652796,
          1
        ]
      },
      {
        "date" : 717647886.775957,
        "title" : "Untitled",
        "transform" : [
          1,
          0,
          -0,
          0,
          -0,
          0.8660253,
          -0.50000006,
          0,
          0,
          0.50000006,
          0.8660253,
          0,
          -0.00047378615,
          0.1885319,
          0.32674682,
          1
        ]
      },
      {
        "date" : 717647160.907291,
        "title" : "Untitled",
        "transform" : [
          1,
          0,
          -0,
          0,
          -0,
          0.8660253,
          -0.50000006,
          0,
          0,
          0.50000006,
          0.8660253,
          0,
          0,
          0.18843009,
          0.32657048,
          1
        ]
      }
    ]
  },
  "selectedSceneRelativePath" : "Immersive.usda"
}